-1.000000000000000021e-03
-8.947368421052631594e-04
-7.894736842105262980e-04
-6.842105263157895450e-04
-5.789473684210525752e-04
-4.736842105263158222e-04
-3.684210526315789607e-04
-2.631578947368420993e-04
-1.578947368421052379e-04
-5.263157894736837650e-05
5.263157894736837650e-05
1.578947368421053463e-04
2.631578947368420993e-04
3.684210526315790692e-04
4.736842105263158222e-04
5.789473684210527920e-04
6.842105263157895450e-04
7.894736842105262980e-04
8.947368421052632678e-04
1.000000000000000021e-03
