4.902590225134878921e+01 4.620919532903700855e+01 4.359993694608211001e+01 4.123826840367659941e+01 3.920486858498746585e+01 3.750681180987241703e+01 3.624072352085378412e+01 3.546298806375142476e+01 3.683773983675499153e+01 1.185314815387171734e+02 1.185314815387176708e+02 3.683773983675499153e+01 3.546298806375141055e+01 3.624072352085376991e+01 3.750681180987241703e+01 3.920486858498746585e+01 4.123826840367659941e+01 4.359993694608212422e+01 4.620919532903700144e+01 4.902590225134878921e+01
4.750056167073167046e+01 4.454042075143830459e+01 4.175710864355557561e+01 3.921029233805088410e+01 3.695926317303516839e+01 3.508059732038170608e+01 3.362185798397278802e+01 3.270646122935518463e+01 3.386380010026483944e+01 1.089168484124912908e+02 1.089168484124917029e+02 3.386380010026483944e+01 3.270646122935517752e+01 3.362185798397277381e+01 3.508059732038169898e+01 3.695926317303516839e+01 3.921029233805089120e+01 4.175710864355556851e+01 4.454042075143829038e+01 4.750056167073167046e+01
4.612017542424376870e+01 4.302883948534740455e+01 4.008404434825197171e+01 3.734693662443788753e+01 3.487682653109276742e+01 3.278601643520146069e+01 3.111299476305930511e+01 3.002539420758252220e+01 3.095168058251060472e+01 9.948472197818560403e+01 9.948472197818598772e+01 3.095168058251060472e+01 3.002539420758252930e+01 3.111299476305930156e+01 3.278601643520146069e+01 3.487682653109276742e+01 3.734693662443787332e+01 4.008404434825198592e+01 4.302883948534740455e+01 4.612017542424376870e+01
4.489634477585005357e+01 4.168180478788814725e+01 3.859134784010479535e+01 3.567136890786019876e+01 3.299800119527338893e+01 3.064946676056694841e+01 2.875565569186944970e+01 2.745038389375876164e+01 2.812869739804905578e+01 9.031693777885200802e+01 9.031693777885234908e+01 2.812869739804905578e+01 2.745038389375876875e+01 2.875565569186944614e+01 3.064946676056695196e+01 3.299800119527338893e+01 3.567136890786019876e+01 3.859134784010480246e+01 4.168180478788814725e+01 4.489634477585005357e+01
4.385209807365945522e+01 4.051553728182650360e+01 3.728951477055695563e+01 3.420602052700061790e+01 3.132713533771115166e+01 2.874486984314356519e+01 2.658884827610386381e+01 2.502643773805443672e+01 2.543724912642295877e+01 8.153786740314939152e+01 8.153786740314968995e+01 2.543724912642295877e+01 2.502643773805443317e+01 2.658884827610386381e+01 2.874486984314355453e+01 3.132713533771115166e+01 3.420602052700061790e+01 3.728951477055694852e+01 4.051553728182647518e+01 4.385209807365945522e+01
4.303018544596036321e+01 3.956497371985400946e+01 3.620308550656741176e+01 3.296905504205209780e+01 2.990483081320828163e+01 2.709504139402096001e+01 2.466451424418719895e+01 2.282668901591430810e+01 2.295007425050216909e+01 7.333264921080277077e+01 7.333264921080302656e+01 2.295007425050216909e+01 2.282668901591429744e+01 2.466451424418718830e+01 2.709504139402096712e+01 2.990483081320828163e+01 3.296905504205209780e+01 3.620308550656740465e+01 3.956497371985400946e+01 4.303018544596036321e+01
4.247556611548003502e+01 3.889451204420907260e+01 3.539010443170241871e+01 3.200261958147246588e+01 2.876934402702688232e+01 2.574890061628867599e+01 2.306038008957401431e+01 2.102610129935450800e+01 2.079355349989144841e+01 6.597390034050594920e+01 6.597390034050614815e+01 2.079355349989144841e+01 2.102610129935450800e+01 2.306038008957400010e+01 2.574890061628867599e+01 2.876934402702688232e+01 3.200261958147246588e+01 3.539010443170239739e+01 3.889451204420906549e+01 4.247556611548003502e+01
4.259823103210592876e+01 3.890390380018395433e+01 3.525985108312214322e+01 3.169567435778061792e+01 2.827125545507588456e+01 2.505057704383302664e+01 2.213145246465457561e+01 1.979833359823580707e+01 1.929196846848232383e+01 5.991226570889617165e+01 5.991226570889641323e+01 1.929196846848232383e+01 1.979833359823579997e+01 2.213145246465457205e+01 2.505057704383303019e+01 2.827125545507588456e+01 3.169567435778061437e+01 3.525985108312213612e+01 3.890390380018394723e+01 4.259823103210592876e+01
4.600066285325912929e+01 4.195904425192100717e+01 3.796049439895202227e+01 3.402612267721355721e+01 3.019565853539697287e+01 2.656769711289298641e+01 2.325863646700849685e+01 2.053228083584163954e+01 1.991041355621612396e+01 5.649353105163238098e+01 5.649353105163260125e+01 1.991041355621612396e+01 2.053228083584163244e+01 2.325863646700848619e+01 2.656769711289298286e+01 3.019565853539697287e+01 3.402612267721355011e+01 3.796049439895202227e+01 4.195904425192100717e+01 4.600066285325912929e+01
1.756431617054913374e+02 1.602871623057339150e+02 1.450861619996620959e+02 1.301158858880388323e+02 1.155061248815417798e+02 1.015071005231097843e+02 8.858991665513556768e+01 7.752192058008830600e+01 7.010434548641340768e+01 8.978995865389229891e+01 8.978995865389241260e+01 7.010434548641340768e+01 7.752192058008841968e+01 8.858991665513568137e+01 1.015071005231100401e+02 1.155061248815417798e+02 1.301158858880389460e+02 1.450861619996615559e+02 1.602871623057339718e+02 1.756431617054913374e+02
1.756431617054913374e+02 1.602871623057339150e+02 1.450861619996620959e+02 1.301158858880388323e+02 1.155061248815417798e+02 1.015071005231097843e+02 8.858991665513556768e+01 7.752192058008830600e+01 7.010434548641340768e+01 8.978995865389229891e+01 8.978995865389241260e+01 7.010434548641340768e+01 7.752192058008841968e+01 8.858991665513568137e+01 1.015071005231100401e+02 1.155061248815417798e+02 1.301158858880389460e+02 1.450861619996615559e+02 1.602871623057339718e+02 1.756431617054913374e+02
4.600066285325911508e+01 4.195904425192099296e+01 3.796049439895202937e+01 3.402612267721355011e+01 3.019565853539695865e+01 2.656769711289297931e+01 2.325863646700849685e+01 2.053228083584163244e+01 1.991041355621611331e+01 5.649353105163240940e+01 5.649353105163257283e+01 1.991041355621611331e+01 2.053228083584163244e+01 2.325863646700848619e+01 2.656769711289297575e+01 3.019565853539695865e+01 3.402612267721355011e+01 3.796049439895200805e+01 4.195904425192099296e+01 4.600066285325911508e+01
4.259823103210592876e+01 3.890390380018395433e+01 3.525985108312214322e+01 3.169567435778061792e+01 2.827125545507588456e+01 2.505057704383302664e+01 2.213145246465457561e+01 1.979833359823580707e+01 1.929196846848232383e+01 5.991226570889617165e+01 5.991226570889641323e+01 1.929196846848232383e+01 1.979833359823579997e+01 2.213145246465457205e+01 2.505057704383303019e+01 2.827125545507588456e+01 3.169567435778061437e+01 3.525985108312213612e+01 3.890390380018394723e+01 4.259823103210592876e+01
4.247556611548003502e+01 3.889451204420906549e+01 3.539010443170241160e+01 3.200261958147248009e+01 2.876934402702687166e+01 2.574890061628867954e+01 2.306038008957401431e+01 2.102610129935451511e+01 2.079355349989145907e+01 6.597390034050592078e+01 6.597390034050617658e+01 2.079355349989145907e+01 2.102610129935450800e+01 2.306038008957400365e+01 2.574890061628867599e+01 2.876934402702687166e+01 3.200261958147246588e+01 3.539010443170241871e+01 3.889451204420905839e+01 4.247556611548003502e+01
4.303018544596036321e+01 3.956497371985400946e+01 3.620308550656741176e+01 3.296905504205209780e+01 2.990483081320828163e+01 2.709504139402096001e+01 2.466451424418719895e+01 2.282668901591430810e+01 2.295007425050216909e+01 7.333264921080277077e+01 7.333264921080302656e+01 2.295007425050216909e+01 2.282668901591429744e+01 2.466451424418718830e+01 2.709504139402096712e+01 2.990483081320828163e+01 3.296905504205209780e+01 3.620308550656740465e+01 3.956497371985400946e+01 4.303018544596036321e+01
4.385209807365945522e+01 4.051553728182648229e+01 3.728951477055695563e+01 3.420602052700061080e+01 3.132713533771115166e+01 2.874486984314356164e+01 2.658884827610387092e+01 2.502643773805443317e+01 2.543724912642296587e+01 8.153786740314943415e+01 8.153786740314971837e+01 2.543724912642296587e+01 2.502643773805443672e+01 2.658884827610386381e+01 2.874486984314356519e+01 3.132713533771115166e+01 3.420602052700061080e+01 3.728951477055694852e+01 4.051553728182648939e+01 4.385209807365945522e+01
4.489634477585005357e+01 4.168180478788814725e+01 3.859134784010479535e+01 3.567136890786019876e+01 3.299800119527338893e+01 3.064946676056694841e+01 2.875565569186944970e+01 2.745038389375876164e+01 2.812869739804905578e+01 9.031693777885200802e+01 9.031693777885234908e+01 2.812869739804905578e+01 2.745038389375876875e+01 2.875565569186944614e+01 3.064946676056695196e+01 3.299800119527338893e+01 3.567136890786019876e+01 3.859134784010480246e+01 4.168180478788814725e+01 4.489634477585005357e+01
4.612017542424376870e+01 4.302883948534740455e+01 4.008404434825197171e+01 3.734693662443788753e+01 3.487682653109276742e+01 3.278601643520146069e+01 3.111299476305930511e+01 3.002539420758252220e+01 3.095168058251060472e+01 9.948472197818560403e+01 9.948472197818598772e+01 3.095168058251060472e+01 3.002539420758252930e+01 3.111299476305930156e+01 3.278601643520146069e+01 3.487682653109276742e+01 3.734693662443787332e+01 4.008404434825198592e+01 4.302883948534740455e+01 4.612017542424376870e+01
4.750056167073169178e+01 4.454042075143829749e+01 4.175710864355557561e+01 3.921029233805089120e+01 3.695926317303516129e+01 3.508059732038169898e+01 3.362185798397278091e+01 3.270646122935518463e+01 3.386380010026481813e+01 1.089168484124913334e+02 1.089168484124916887e+02 3.386380010026481813e+01 3.270646122935518463e+01 3.362185798397278091e+01 3.508059732038169898e+01 3.695926317303516129e+01 3.921029233805089120e+01 4.175710864355558272e+01 4.454042075143826906e+01 4.750056167073169178e+01
4.902590225134878921e+01 4.620919532903700855e+01 4.359993694608211001e+01 4.123826840367659941e+01 3.920486858498746585e+01 3.750681180987241703e+01 3.624072352085378412e+01 3.546298806375142476e+01 3.683773983675499153e+01 1.185314815387171734e+02 1.185314815387176708e+02 3.683773983675499153e+01 3.546298806375141055e+01 3.624072352085376991e+01 3.750681180987241703e+01 3.920486858498746585e+01 4.123826840367659941e+01 4.359993694608212422e+01 4.620919532903700144e+01 4.902590225134878921e+01
